      1    1    1  0.10127E+01      2    2    2    0.20825E-01  0.23625E+00
      2   16   17  0.98062E+00     24    2    2    0.20769E-01  0.23625E+00
      3   19   36  0.94980E+00     35    2    2    0.20706E-01  0.23625E+00
      4   24   60  0.92014E+00     47    2    2    0.20640E-01  0.23625E+00
      5   22   82  0.89161E+00     56    2    2    0.20582E-01  0.23625E+00
      6   11   93  0.86415E+00     62    2    2    0.20532E-01  0.23625E+00
      7   21  114  0.83769E+00     71    2    2    0.20490E-01  0.23625E+00
      8   11  125  0.81220E+00     76    2    2    0.20454E-01  0.23625E+00
      9   17  142  0.78762E+00     82    2    2    0.20411E-01  0.23625E+00
     10   15  157  0.76393E+00     88    2    2    0.20361E-01  0.23625E+00
     11   15  172  0.74110E+00     88    2    3    0.20315E-01  0.23625E+00
     12   12  184  0.71909E+00     88    2    3    0.20271E-01  0.23625E+00
     13   19  203  0.69786E+00     88    2    3    0.20230E-01  0.23625E+00
     14    8  211  0.67739E+00     88    2    3    0.20192E-01  0.23625E+00
     15   16  227  0.65764E+00     88    2    3    0.20147E-01  0.23625E+00
     16   13  240  0.63859E+00     88    2    3    0.20104E-01  0.23625E+00
     17   12  252  0.62020E+00     88    2    3    0.20062E-01  0.23625E+00
     18   11  263  0.60246E+00     88    2    3    0.20023E-01  0.23625E+00
     19   13  276  0.58533E+00     88    2    3    0.19986E-01  0.23625E+00
     20   11  287  0.56879E+00     88    2    3    0.19951E-01  0.23625E+00
     21   10  297  0.55280E+00     88    2    3    0.19918E-01  0.23625E+00
     22   12  309  0.53732E+00     88    2    3    0.19888E-01  0.23625E+00
     23   10  319  0.52231E+00     88    2    3    0.19860E-01  0.23625E+00
     24   10  329  0.50771E+00     88    2    3    0.19834E-01  0.23625E+00
     25   10  339  0.49344E+00     88    2    3    0.19804E-01  0.23625E+00
     26   35  374  0.47757E+00     88    2    3    0.19773E-01  0.23625E+00
     27   56  430  0.45630E+00     88    2    3    0.19744E-01  0.23625E+00
     28   69  499  0.42487E+00     88    2    3    0.19718E-01  0.23625E+00
     29  360  859  0.41913E+00     10   21    6    0.19695E-01  0.23625E+00
     30  448 1307  0.39744E+00     10   21    6    0.19670E-01  0.23625E+00
     31  253 1560  0.37656E+00      9   21    6    0.19646E-01  0.23625E+00
     32   27 1587  0.36557E+00      9   21    6    0.19622E-01  0.23625E+00
     33    3 1590  0.35564E+00      9   21    6    0.19591E-01  0.23625E+00
     34    3 1593  0.35027E+00     88    7    3    0.19563E-01  0.23625E+00
     35    2 1595  0.34980E+00     88    7    3    0.19536E-01  0.23625E+00
     36    1 1596  0.34933E+00     88    7    3    0.19512E-01  0.23625E+00
     37    1 1597  0.34881E+00     88    7    3    0.19484E-01  0.23625E+00
     38    2 1599  0.34794E+00     88    7    3    0.19458E-01  0.23625E+00
     39    1 1600  0.34716E+00     88    7    4    0.19431E-01  0.23625E+00
     40  174 1774  0.27481E+00     10    2    2    0.19350E-01  0.23625E+00
     41  358 2132  0.30233E+00     40    7    3    0.19315E-01  0.23625E+00
     42    1 2133  0.30179E+00     41    7    3    0.19281E-01  0.23625E+00
     43   39 2172  0.29735E+00     40    7    3    0.19243E-01  0.23625E+00
     44 1806 3978  0.38913E+00     60    2    2    0.19236E-01  0.23625E+00
     45   99 4077  0.38211E+00     60    2    2    0.19233E-01  0.23625E+00
     46    4 4081  0.37261E+00     61    2    2    0.19230E-01  0.23625E+00
     47    8 4089  0.36284E+00     62    2    2    0.19225E-01  0.23625E+00
     48    5 4094  0.35344E+00     63    2    2    0.19213E-01  0.23625E+00
     49    5 4099  0.34413E+00     65    2    2    0.19202E-01  0.23625E+00
     50    4 4103  0.33520E+00     66    2    2    0.19191E-01  0.23625E+00
     51    3 4106  0.32672E+00     67    2    2    0.19180E-01  0.23625E+00
     52    3 4109  0.31848E+00     68    2    2    0.19171E-01  0.23625E+00
     53    3 4112  0.31053E+00     70    2    2    0.19162E-01  0.23625E+00
     54    2 4114  0.30310E+00     72    2    2    0.19153E-01  0.23625E+00
     55    2 4116  0.29596E+00     73    2    2    0.19145E-01  0.23625E+00
     56    1 4117  0.28920E+00     74    2    2    0.19138E-01  0.23625E+00
     57    3 4120  0.28265E+00     77    2    2    0.19131E-01  0.23625E+00
     58    1 4121  0.27632E+00     77    2    2    0.19118E-01  0.23625E+00
     59    1 4122  0.27025E+00     79    2    2    0.19107E-01  0.23625E+00
     60    1 4123  0.26435E+00     80    2    2    0.19092E-01  0.23625E+00
     61    3 4126  0.25926E+00     82    2    2    0.19078E-01  0.23625E+00
     62   22 4148  0.27096E+00     88    2    2    0.19063E-01  0.23625E+00
     63    9 4157  0.26982E+00     88    2    2    0.19050E-01  0.23625E+00
     64    1 4158  0.26370E+00     88    2    3    0.19038E-01  0.23625E+00
     65    1 4159  0.25769E+00     88    2    3    0.19028E-01  0.23625E+00
     66    1 4160  0.25175E+00     88    2    3    0.19018E-01  0.23625E+00
     67    4 4164  0.24611E+00     88    2    3    0.19010E-01  0.23625E+00
     68    4 4168  0.24001E+00     87    2    3    0.19003E-01  0.23625E+00
     69    1 4169  0.23446E+00     87    2    3    0.18996E-01  0.23625E+00
     70    1 4170  0.22870E+00     87    2    3    0.18989E-01  0.23625E+00
     71    1 4171  0.22275E+00     86    2    3    0.18982E-01  0.23625E+00
     72    1 4172  0.21676E+00     85   21    3    0.18977E-01  0.23625E+00
     73    6 4178  0.20890E+00     83   21    3    0.18972E-01  0.23625E+00
     74    9 4187  0.20409E+00     82    2    3    0.18965E-01  0.23625E+00
     75   34 4221  0.19624E+00     79    2    3    0.18961E-01  0.23625E+00
     76   44 4265  0.18900E+00     13    2    3    0.18960E-01  0.23625E+00
     77   23 4288  0.18560E+00     13   21    3    0.18960E-01  0.23625E+00
     78   66 4354  0.17714E+00     13   21    3    0.18955E-01  0.23625E+00
     79  809 5163  0.16124E+00     88    9    2    0.18939E-01  0.23625E+00
     80 1159 6322  0.22233E+00     88    8    8    0.18920E-01  0.23625E+00
     81    1 6323  0.22230E+00     88    8    8    0.18902E-01  0.23625E+00
     82    1 6324  0.22219E+00     88    8    8    0.18885E-01  0.23625E+00
     83    1 6325  0.22210E+00     88    8    7    0.18868E-01  0.23625E+00
     84    1 6326  0.22197E+00     88    8    7    0.18849E-01  0.23625E+00
     85    1 6327  0.22182E+00     88    9    6    0.18821E-01  0.23625E+00
     86  149 6476  0.17717E+00     80    9    7    0.18783E-01  0.23625E+00
     87  105 6581  0.16634E+00     60    9    3    0.18740E-01  0.23625E+00
     88   43 6624  0.16480E+00     57    9    3    0.18696E-01  0.23625E+00
     89  100 6724  0.16043E+00     52    9    3    0.18651E-01  0.23625E+00
     90  142 6866  0.15421E+00     45    9    4    0.18608E-01  0.23625E+00
     91 1555 8421  0.19970E+00     88    2    2    0.18591E-01  0.23625E+00
     92  946 9367  0.23429E+00     88    2    2    0.18595E-01  0.23625E+00
     93    2 9369  0.22964E+00     88    2    2    0.18596E-01  0.23625E+00
     94    4 9373  0.22461E+00     88    2    2    0.18597E-01  0.23625E+00
     95    2 9375  0.22027E+00     88    3    2    0.18596E-01  0.23625E+00
     96    4 9379  0.21897E+00     87    3    3    0.18595E-01  0.23625E+00
     97    1 9380  0.21798E+00     87    3    3    0.18592E-01  0.23625E+00
     98    2 9382  0.21683E+00     88   20    4    0.18589E-01  0.23625E+00
     99    2 9384  0.21592E+00     88   20    4    0.18584E-01  0.23625E+00
    100  145 9529  0.17965E+00     79   20    4    0.18589E-01  0.23625E+00
    101   44 9573  0.17247E+00     61   20   11    0.18596E-01  0.23625E+00
    102    2 9575  0.17164E+00     60   20   11    0.18603E-01  0.23625E+00
    103    1 9576  0.17083E+00     60   20   11    0.18605E-01  0.23625E+00
    104    1 9577  0.17001E+00     59   20   11    0.18604E-01  0.23625E+00
    105    3 9580  0.16914E+00     58   20   10    0.18603E-01  0.23625E+00
    106    6 9586  0.16824E+00     56   20   10    0.18603E-01  0.23625E+00
    107    9 9595  0.16733E+00     54   20   10    0.18601E-01  0.23625E+00
    108   11 9606  0.16640E+00     52   20   10    0.18600E-01  0.23625E+00
    109  317 9923  0.15852E+00     44   20    9    0.18605E-01  0.23625E+00
    110 141711340  0.15194E+00     85    9    2    0.18602E-01  0.23625E+00
    111  45811798  0.16758E+00     85   10    2    0.18592E-01  0.23625E+00
    112    111799  0.16705E+00     86   10    2    0.18582E-01  0.23625E+00
    113    111800  0.16685E+00     88   10   11    0.18567E-01  0.23625E+00
    114    211802  0.16665E+00     88   11   10    0.18543E-01  0.23625E+00
    115    111803  0.16652E+00     88   10   10    0.18518E-01  0.23625E+00
    116    111804  0.16633E+00     88   10    9    0.18492E-01  0.23625E+00
    117    111805  0.16612E+00     88   10    9    0.18465E-01  0.23625E+00
    118  18311988  0.12431E+00     74   10    3    0.18433E-01  0.23625E+00
    119  28212270  0.14167E+00     39   10    5    0.18398E-01  0.23625E+00
    120    112271  0.14174E+00     39   10    5    0.18362E-01  0.23625E+00
    121    112272  0.14173E+00     39   10    5    0.18325E-01  0.23625E+00
    122  41212684  0.11867E+00     38   10    5    0.18294E-01  0.23625E+00
    123 136614050  0.10997E+00     39    3    2    0.18290E-01  0.23625E+00
    124  14514195  0.11524E+00     41    3    2    0.18288E-01  0.23625E+00
    125    114196  0.11438E+00     42    3    2    0.18285E-01  0.23625E+00
    126    114197  0.11354E+00     43    3    2    0.18283E-01  0.23625E+00
    127    114198  0.11270E+00     43    3    2    0.18280E-01  0.23625E+00
    128    114199  0.11187E+00     44    3    2    0.18278E-01  0.23625E+00
    129    114200  0.11105E+00     45    3    2    0.18275E-01  0.23625E+00
    130    114201  0.11022E+00     46    3    2    0.18272E-01  0.23625E+00
    131    114202  0.10941E+00     46    3    2    0.18269E-01  0.23625E+00
    132    114203  0.10859E+00     47    3    2    0.18267E-01  0.23625E+00
    133    114204  0.10778E+00     48    3    2    0.18264E-01  0.23625E+00
    134    114205  0.10697E+00     49    3    2    0.18261E-01  0.23625E+00
    135    114206  0.10617E+00     49    3    2    0.18258E-01  0.23625E+00
    136    214208  0.10532E+00     50    3    2    0.18255E-01  0.23625E+00
    137    214210  0.10446E+00     51    3    2    0.18252E-01  0.23625E+00
    138    214212  0.10360E+00     52    3    2    0.18249E-01  0.23625E+00
    139    214214  0.10274E+00     53    3    2    0.18246E-01  0.23625E+00
    140    314217  0.10182E+00     54    3    2    0.18242E-01  0.23625E+00
    141    414221  0.10090E+00     55    3    2    0.18239E-01  0.23625E+00
    142    314224  0.99904E-01     56    3    2    0.18235E-01  0.23625E+00
    143    314227  0.99118E-01     57    3    2    0.18232E-01  0.23625E+00
    144    414231  0.98121E-01     60    3    2    0.18228E-01  0.23625E+00
    145    414235  0.97224E-01     63    3    2    0.18224E-01  0.23625E+00
    146    414239  0.96593E-01     88    3   11    0.18220E-01  0.23625E+00
    147    314242  0.97282E-01     88    3    5    0.18215E-01  0.23625E+00
    148    314245  0.97575E-01     88    3    2    0.18210E-01  0.23625E+00
    149    314248  0.96454E-01     88    3    6    0.18206E-01  0.23625E+00
    150    514253  0.96089E-01     81    3    2    0.18200E-01  0.23625E+00
    151    314256  0.96039E-01     88    3   24    0.18195E-01  0.23625E+00
    152    414260  0.96111E-01     88    3   19    0.18190E-01  0.23625E+00
    153    314263  0.96463E-01     88    3   16    0.18184E-01  0.23625E+00
    154    314266  0.97398E-01     88    3   13    0.18179E-01  0.23625E+00
    155    814274  0.96843E-01     87    3    6    0.18173E-01  0.23625E+00
    156    414278  0.97127E-01     88    3   48    0.18168E-01  0.23625E+00
    157    614284  0.97446E-01     88    3   43    0.18162E-01  0.23625E+00
    158    614290  0.97875E-01     87    3   40    0.18156E-01  0.23625E+00
    159    714297  0.99868E-01     87    3   34    0.18149E-01  0.23625E+00
    160    814305  0.10010E+00     87    3   27    0.18142E-01  0.23625E+00
    161    814313  0.99695E-01     87    3   20    0.18135E-01  0.23625E+00
    162    914322  0.98409E-01     87    3   12    0.18128E-01  0.23625E+00
    163   3614358  0.95624E-01     88    3   17    0.18119E-01  0.23625E+00
    164    714365  0.93044E-01     88    3    8    0.18111E-01  0.23625E+00
    165   4114406  0.91134E-01     88    3    6    0.18102E-01  0.23625E+00
    166    314409  0.89857E-01     88    3   14    0.18092E-01  0.23625E+00
    167    314412  0.90833E-01     88    3   12    0.18083E-01  0.23625E+00
    168    314415  0.89303E-01     88    3   11    0.18073E-01  0.23625E+00
    169    514420  0.89503E-01     88    3    3    0.18063E-01  0.23625E+00
    170    514425  0.89705E-01     88    3   12    0.18054E-01  0.23625E+00
    171    614431  0.88040E-01     87    3    8    0.18044E-01  0.23625E+00
    172    714438  0.87457E-01     87    3    3    0.18034E-01  0.23625E+00
    173    514443  0.84504E-01     87    3   10    0.18024E-01  0.23625E+00
    174   1214455  0.82214E-01     87    3    4    0.18015E-01  0.23625E+00
    175   9214547  0.70601E-01     88    3    5    0.18006E-01  0.23625E+00
    176  29614843  0.73789E-01     42   20    3    0.18000E-01  0.23625E+00
    177   4114884  0.72598E-01     41   20    4    0.17993E-01  0.23625E+00
    178  12915013  0.68647E-01     35   20    4    0.17986E-01  0.23625E+00
    179   6215075  0.67694E-01     26   20    3    0.17977E-01  0.23625E+00
    180    115076  0.67163E-01     26   20    3    0.17969E-01  0.23625E+00
    181   1815094  0.66632E-01     26   20    3    0.17961E-01  0.23625E+00
    182  25315347  0.59900E-01     26    3    3    0.17948E-01  0.23625E+00
    183  45715804  0.66571E-01     53   11    6    0.17931E-01  0.23625E+00
    184    115805  0.66568E-01     54   11    3    0.17914E-01  0.23625E+00
    185    115806  0.66639E-01     57   11    2    0.17896E-01  0.23625E+00
    186    115807  0.66829E-01     58   11    2    0.17879E-01  0.23625E+00
    187    115808  0.67044E-01     59   11    2    0.17862E-01  0.23625E+00
    188    115809  0.67307E-01     61   11    2    0.17845E-01  0.23625E+00
    189   1115820  0.66574E-01     62   11    2    0.17828E-01  0.23625E+00
    190   5215872  0.64028E-01     76   12    2    0.17813E-01  0.23625E+00
    191    115873  0.63976E-01     76   12    2    0.17797E-01  0.23625E+00
    192   2015893  0.65287E-01     83   11    2    0.17783E-01  0.23625E+00
    193   3615929  0.68902E-01     86   12    2    0.17770E-01  0.23625E+00
    194   5315982  0.72850E-01     87   12    2    0.17758E-01  0.23625E+00
    195  44216424  0.84788E-01     88   12    2    0.17752E-01  0.23625E+00
    196  35316777  0.72145E-01     41    3    2    0.17746E-01  0.23625E+00
    197    116778  0.71744E-01     41    3    2    0.17739E-01  0.23625E+00
    198   4616824  0.69917E-01     40    3    2    0.17731E-01  0.23625E+00
    199  22917053  0.68733E-01     28    3    2    0.17723E-01  0.23625E+00
    200   4917102  0.67696E-01     28    3    2    0.17714E-01  0.23625E+00
    201  14017242  0.64386E-01     88    3    6    0.17707E-01  0.23625E+00
    202  11517357  0.69555E-01     88    3   14    0.17700E-01  0.23625E+00
    203   4417401  0.70627E-01     88    3   13    0.17695E-01  0.23625E+00
    204   1817419  0.70598E-01     88    3   13    0.17689E-01  0.23625E+00
    205   1117430  0.70260E-01     88    3   13    0.17683E-01  0.23625E+00
    206    717437  0.69855E-01     88    3   12    0.17677E-01  0.23625E+00
    207    617443  0.69215E-01     88    3   12    0.17671E-01  0.23625E+00
    208   1617459  0.68168E-01     88    3   11    0.17665E-01  0.23625E+00
    209    417463  0.67605E-01     88    3   11    0.17659E-01  0.23625E+00
    210    817471  0.66657E-01     88    3   11    0.17653E-01  0.23625E+00
    211    417475  0.66088E-01     88    3   11    0.17648E-01  0.23625E+00
    212    617481  0.65177E-01     88    3   10    0.17642E-01  0.23625E+00
    213    117482  0.64754E-01     88    3   10    0.17636E-01  0.23625E+00
    214    417486  0.64001E-01     88    3   14    0.17630E-01  0.23625E+00
    215    617492  0.63227E-01     87    3   11    0.17624E-01  0.23625E+00
    216    117493  0.62930E-01     88    3   10    0.17618E-01  0.23625E+00
    217    117494  0.62537E-01     88    3    8    0.17611E-01  0.23625E+00
    218    217496  0.62011E-01     88    3    6    0.17605E-01  0.23625E+00
    219    417500  0.61567E-01     88    3   13    0.17599E-01  0.23625E+00
    220    217502  0.61496E-01     88    3   12    0.17593E-01  0.23625E+00
    221    917511  0.59961E-01     86    3    7    0.17587E-01  0.23625E+00
    222   2917540  0.57629E-01     65   20   13    0.17581E-01  0.23625E+00
    223  29617836  0.81082E-01     44    3    3    0.17579E-01  0.23625E+00
    224    117837  0.80796E-01     44    3    3    0.17576E-01  0.23625E+00
    225    117838  0.80460E-01     44    3    3    0.17573E-01  0.23625E+00
    226    117839  0.80079E-01     45    3    3    0.17569E-01  0.23625E+00
    227    117840  0.79678E-01     45    3    3    0.17565E-01  0.23625E+00
    228  15417994  0.69045E-01     31   20    3    0.17560E-01  0.23625E+00
    229   4918043  0.68398E-01     31    3    3    0.17555E-01  0.23625E+00
    230    918052  0.68051E-01     31    3    3    0.17550E-01  0.23625E+00
    231    718059  0.67633E-01     31    3    3    0.17545E-01  0.23625E+00
    232    518064  0.67491E-01     31    3    2    0.17540E-01  0.23625E+00
    233  22818292  0.71346E-01     76    3    2    0.17539E-01  0.23625E+00
    234   4318335  0.69723E-01     77    3    2    0.17536E-01  0.23625E+00
    235    118336  0.69288E-01     78    3    2    0.17533E-01  0.23625E+00
    236    118337  0.68874E-01     78    3    2    0.17530E-01  0.23625E+00
    237    118338  0.68462E-01     79    3    2    0.17525E-01  0.23625E+00
    238    118339  0.68040E-01     80    3    2    0.17520E-01  0.23625E+00
    239   1418353  0.67807E-01     88    3   11    0.17516E-01  0.23625E+00
    240   1818371  0.69710E-01     88    3    9    0.17512E-01  0.23625E+00
    241    118372  0.69324E-01     88    3   10    0.17508E-01  0.23625E+00
    242    118373  0.68900E-01     88    3   10    0.17504E-01  0.23625E+00
    243    118374  0.68453E-01     88    3   10    0.17500E-01  0.23625E+00
    244    218376  0.68012E-01     88    3    9    0.17495E-01  0.23625E+00
    245   2718403  0.62008E-01     84    3    7    0.17491E-01  0.23625E+00
    246   4218445  0.57622E-01     79   20   10    0.17486E-01  0.23625E+00
    247   4818493  0.54406E-01     73   20   11    0.17481E-01  0.23625E+00
    248  11418607  0.54356E-01     46   20    3    0.17476E-01  0.23625E+00
    249    118608  0.54045E-01     47   20    3    0.17471E-01  0.23625E+00
    250    118609  0.53720E-01     47   20    3    0.17465E-01  0.23625E+00
    251   3018639  0.52631E-01     49   20    3    0.17460E-01  0.23625E+00
    252   1918658  0.51986E-01     50   20    3    0.17455E-01  0.23625E+00
    253    118659  0.51665E-01     50   20    4    0.17449E-01  0.23625E+00
    254    118660  0.51369E-01     50   20    4    0.17444E-01  0.23625E+00
    255    118661  0.51072E-01     50   20    4    0.17438E-01  0.23625E+00
    256    118662  0.50781E-01     49   20    4    0.17433E-01  0.23625E+00
    257    318665  0.50460E-01     49   20    4    0.17428E-01  0.23625E+00
    258   5318718  0.49366E-01     45    3    4    0.17422E-01  0.23625E+00
    259   2818746  0.48245E-01     36   20    4    0.17416E-01  0.23625E+00
    260   4818794  0.46994E-01     36   20    4    0.17409E-01  0.23625E+00
    261   3618830  0.45799E-01     35   20    4    0.17402E-01  0.23625E+00
    262  75719587  0.46615E-01     52   12   20    0.17392E-01  0.23625E+00
    263    119588  0.46641E-01     52   12   20    0.17382E-01  0.23625E+00
    264    119589  0.46697E-01     54   11    2    0.17372E-01  0.23625E+00
    265    119590  0.47033E-01     54   11    2    0.17362E-01  0.23625E+00
    266   5219642  0.43937E-01     58   11    2    0.17351E-01  0.23625E+00
    267   9319735  0.43440E-01     83   11    2    0.17341E-01  0.23625E+00
    268    119736  0.43391E-01     84   11    2    0.17331E-01  0.23625E+00
    269    119737  0.43341E-01     84   11    2    0.17321E-01  0.23625E+00
    270    119738  0.43289E-01     84   11    2    0.17311E-01  0.23625E+00
    271    119739  0.43246E-01     85   11    2    0.17301E-01  0.23625E+00
    272    119740  0.43224E-01     86   11    2    0.17291E-01  0.23625E+00
    273    119741  0.43174E-01     85   11    2    0.17281E-01  0.23625E+00
    274    519746  0.44063E-01     88   11    2    0.17272E-01  0.23625E+00
    275   4919795  0.45863E-01     82   11    2    0.17263E-01  0.23625E+00
    276   3819833  0.47483E-01     88   11    2    0.17253E-01  0.23625E+00
    277  22720060  0.52119E-01     88   11    2    0.17244E-01  0.23625E+00
    278   1420074  0.51832E-01     88   11    2    0.17234E-01  0.23625E+00
    279    120075  0.51625E-01     88   11    2    0.17224E-01  0.23625E+00
    280    120076  0.51328E-01     88   11    2    0.17214E-01  0.23625E+00
    281    120077  0.51193E-01     88   12    3    0.17204E-01  0.23625E+00
    282   5320130  0.46707E-01     82   11    3    0.17194E-01  0.23625E+00
    283   3420164  0.45292E-01     78   11    3    0.17184E-01  0.23625E+00
    284   6320227  0.42038E-01     77   11    3    0.17174E-01  0.23625E+00
    285  27320500  0.34558E-01     59    3    2    0.17168E-01  0.23625E+00
    286  38120881  0.50175E-01     88   20    9    0.17166E-01  0.23625E+00
    287    120882  0.50043E-01     88   20    9    0.17163E-01  0.23625E+00
    288  80021682  0.61602E-01     88    3   10    0.17163E-01  0.23625E+00
    289  17421856  0.61844E-01     88    3   10    0.17162E-01  0.23625E+00
    290    121857  0.61652E-01     88    3   10    0.17162E-01  0.23625E+00
    291    121858  0.61442E-01     88    3   10    0.17162E-01  0.23625E+00
    292    121859  0.61249E-01     88   20   16    0.17161E-01  0.23625E+00
    293    121860  0.61082E-01     88   20   15    0.17161E-01  0.23625E+00
    294    121861  0.60941E-01     88   20   30    0.17160E-01  0.23625E+00
    295    121862  0.60799E-01     88   20   30    0.17159E-01  0.23625E+00
    296  12021982  0.52643E-01     77   20   15    0.17157E-01  0.23625E+00
    297   4722029  0.51494E-01     61   20    3    0.17155E-01  0.23625E+00
    298    322032  0.51286E-01     60   20    3    0.17153E-01  0.23625E+00
    299    222034  0.51076E-01     60   20    3    0.17151E-01  0.23625E+00
    300    222036  0.50865E-01     59   20    3    0.17149E-01  0.23625E+00
    301    222038  0.50654E-01     59   20    3    0.17147E-01  0.23625E+00
    302    122039  0.50442E-01     59   20    3    0.17145E-01  0.23625E+00
    303   6522104  0.49900E-01     56   20    3    0.17142E-01  0.23625E+00
    304   4322147  0.49017E-01     54   20    3    0.17139E-01  0.23625E+00
    305   1222159  0.48586E-01     54   20    3    0.17136E-01  0.23625E+00
    306   1822177  0.47970E-01     53   20    3    0.17133E-01  0.23625E+00
    307  35222529  0.43437E-01     42   20    3    0.17128E-01  0.23625E+00
    308 136023889  0.48242E-01     88   11    2    0.17118E-01  0.23625E+00
    309   7523964  0.49023E-01     88   11    2    0.17107E-01  0.23625E+00
    310    123965  0.48957E-01     88   11    2    0.17096E-01  0.23625E+00
    311    223967  0.48861E-01     88   11    2    0.17086E-01  0.23625E+00
    312    123968  0.48778E-01     88   11    2    0.17075E-01  0.23625E+00
    313    123969  0.48721E-01     88   11    2    0.17064E-01  0.23625E+00
    314    123970  0.48622E-01     88   11    2    0.17054E-01  0.23625E+00
    315    123971  0.48425E-01     88   11    2    0.17043E-01  0.23625E+00
    316    123972  0.48204E-01     88   11    2    0.17033E-01  0.23625E+00
    317    123973  0.48110E-01     88   11   11    0.17022E-01  0.23625E+00
    318   8524058  0.44279E-01     87   12    3    0.17013E-01  0.23625E+00
    319  10924167  0.39433E-01     88   12    3    0.17004E-01  0.23625E+00
    320    824175  0.39209E-01     88   12    3    0.16995E-01  0.23625E+00
    321    524180  0.39035E-01     88   12    3    0.16987E-01  0.23625E+00
    322    424184  0.38963E-01     88   12    4    0.16979E-01  0.23625E+00
    323    424188  0.39139E-01     88   12    3    0.16970E-01  0.23625E+00
    324    224190  0.39048E-01     88   11    3    0.16962E-01  0.23625E+00
    325    324193  0.38388E-01     88   11    2    0.16954E-01  0.23625E+00
    326  26224455  0.40103E-01     48   11    4    0.16948E-01  0.23625E+00
    327 109025545  0.52269E-01     88    3    9    0.16947E-01  0.23625E+00
    328    425549  0.52017E-01     88    3    8    0.16947E-01  0.23625E+00
    329    625555  0.51743E-01     88    3   14    0.16946E-01  0.23625E+00
    330    225557  0.51496E-01     88    3   14    0.16945E-01  0.23625E+00
    331   2125578  0.49858E-01     88   20   14    0.16943E-01  0.23625E+00
    332   2825606  0.47404E-01     88   20   14    0.16941E-01  0.23625E+00
    333   3225638  0.44524E-01     88   20   39    0.16939E-01  0.23625E+00
    334   4225680  0.42166E-01     68   20    3    0.16936E-01  0.23625E+00
    335    225682  0.42015E-01     68   20    3    0.16933E-01  0.23625E+00
    336    125683  0.41853E-01     67   20    3    0.16930E-01  0.23625E+00
    337    425687  0.41694E-01     67   20    3    0.16927E-01  0.23625E+00
    338    525692  0.41526E-01     66   20    3    0.16924E-01  0.23625E+00
    339   1025702  0.41319E-01     65   20    3    0.16921E-01  0.23625E+00
    340   2325725  0.40955E-01     63   20    3    0.16918E-01  0.23625E+00
    341   2125746  0.40516E-01     62   19    3    0.16915E-01  0.23625E+00
    342    925755  0.40224E-01     62   19    3    0.16911E-01  0.23625E+00
    343    625761  0.39960E-01     62   19    3    0.16908E-01  0.23625E+00
    344    725768  0.39640E-01     61   19    3    0.16905E-01  0.23625E+00
    345    625774  0.39332E-01     61   19    3    0.16901E-01  0.23625E+00
    346    925783  0.38892E-01     61   19    3    0.16898E-01  0.23625E+00
    347    725790  0.38512E-01     61   19    3    0.16895E-01  0.23625E+00
    348    625796  0.38169E-01     61   19    4    0.16891E-01  0.23625E+00
    349   1025806  0.37650E-01     61   19    4    0.16888E-01  0.23625E+00
    350   2525831  0.36998E-01     49   20    4    0.16884E-01  0.23625E+00
    351   1625847  0.36479E-01     49   20    4    0.16881E-01  0.23625E+00
    352    525852  0.36199E-01     49   20    4    0.16877E-01  0.23625E+00
    353    525857  0.35895E-01     49   20    4    0.16874E-01  0.23625E+00
    354    825865  0.35464E-01     49   20    4    0.16870E-01  0.23625E+00
    355    925874  0.35007E-01     63    4    2    0.16867E-01  0.23625E+00
    356   1325887  0.34745E-01     64    4    2    0.16863E-01  0.23625E+00
    357   2025907  0.34410E-01     65    4    2    0.16860E-01  0.23625E+00
    358   6525972  0.33753E-01     71   19    2    0.16856E-01  0.23625E+00
    359  71326685  0.30310E-01     53   11    2    0.16851E-01  0.23625E+00
    360  52527210  0.34679E-01     53   11    2    0.16844E-01  0.23625E+00
    361    127211  0.34670E-01     53   11    2    0.16837E-01  0.23625E+00
    362    127212  0.34625E-01     53   11    2    0.16830E-01  0.23625E+00
    363    127213  0.34574E-01     54   11    2    0.16823E-01  0.23625E+00
    364    127214  0.34604E-01     54   11    2    0.16816E-01  0.23625E+00
    365    127215  0.34595E-01     54   11    2    0.16809E-01  0.23625E+00
    366    127216  0.34548E-01     54   11    2    0.16801E-01  0.23625E+00
    367    127217  0.34461E-01     54   11    2    0.16794E-01  0.23625E+00
    368    127218  0.34334E-01     54   11    2    0.16787E-01  0.23625E+00
    369    127219  0.34309E-01     55   11    2    0.16780E-01  0.23625E+00
    370    127220  0.34257E-01     55   11    2    0.16773E-01  0.23625E+00
    371    127221  0.34171E-01     55   11    2    0.16766E-01  0.23625E+00
    372    127222  0.34049E-01     55   11    2    0.16758E-01  0.23625E+00
    373    127223  0.33889E-01     55   11    2    0.16751E-01  0.23625E+00
    374    127224  0.33797E-01     56   11    2    0.16744E-01  0.23625E+00
    375    627230  0.33264E-01     56   11    2    0.16736E-01  0.23625E+00
    376   3827268  0.36110E-01     88   12    8    0.16729E-01  0.23625E+00
    377   2227290  0.37125E-01     88   11    7    0.16721E-01  0.23625E+00
    378    127291  0.37095E-01     88   11    3    0.16713E-01  0.23625E+00
    379  35727648  0.46924E-01     88   12    7    0.16703E-01  0.23625E+00
    380  23027878  0.43794E-01     88   12    7    0.16693E-01  0.23625E+00
    381    127879  0.43695E-01     88   12    7    0.16684E-01  0.23625E+00
    382   6627945  0.38692E-01     88   12    7    0.16676E-01  0.23625E+00
    383  20828153  0.24626E-01     74   12   45    0.16671E-01  0.23625E+00
    384  33028483  0.38304E-01     87    4    2    0.16669E-01  0.23625E+00
    385  15028633  0.40361E-01     88    4   11    0.16668E-01  0.23625E+00
    386  12728760  0.40200E-01     88    4   12    0.16666E-01  0.23625E+00
    387   2228782  0.39874E-01     88    4   12    0.16665E-01  0.23625E+00
    388    828790  0.39611E-01     88    4   12    0.16664E-01  0.23625E+00
    389    528795  0.39354E-01     88    4   13    0.16662E-01  0.23625E+00
    390    328798  0.39152E-01     88    4   13    0.16660E-01  0.23625E+00
    391    228800  0.38961E-01     88    4   17    0.16659E-01  0.23625E+00
    392   2428824  0.37148E-01     86   19   14    0.16657E-01  0.23625E+00
    393   6028884  0.34424E-01     72   19    3    0.16654E-01  0.23625E+00
    394    128885  0.34317E-01     72   19    3    0.16651E-01  0.23625E+00
    395    128886  0.34209E-01     72   19    3    0.16648E-01  0.23625E+00
    396    128887  0.34101E-01     72   19    3    0.16645E-01  0.23625E+00
    397    428891  0.33941E-01     72   19    3    0.16642E-01  0.23625E+00
    398   1728908  0.33546E-01     71   19    3    0.16639E-01  0.23625E+00
    399   2528933  0.32968E-01     69   19    3    0.16636E-01  0.23625E+00
    400   3028963  0.32208E-01     67   19    3    0.16633E-01  0.23625E+00
    401   2128984  0.31595E-01     66    4    3    0.16629E-01  0.23625E+00
    402   2129005  0.30938E-01     66    4    3    0.16626E-01  0.23625E+00
    403   2229027  0.30297E-01     59   19    3    0.16622E-01  0.23625E+00
    404   1429041  0.29952E-01     69   19    2    0.16618E-01  0.23625E+00
    405   1029051  0.29749E-01     69   19    2    0.16614E-01  0.23625E+00
    406   1029061  0.29555E-01     70    4    2    0.16611E-01  0.23625E+00
    407   1129072  0.29352E-01     70    4    2    0.16607E-01  0.23625E+00
    408   1229084  0.29130E-01     71    4    2    0.16603E-01  0.23625E+00
    409   1029094  0.28955E-01     71    4    2    0.16599E-01  0.23625E+00
    410   1129105  0.28771E-01     72    4    2    0.16596E-01  0.23625E+00
    411    829113  0.28645E-01     72    4    2    0.16592E-01  0.23625E+00
    412   1229125  0.28488E-01     73    4    2    0.16588E-01  0.23625E+00
    413   1729142  0.28325E-01     74    4    2    0.16585E-01  0.23625E+00
    414   3329175  0.28154E-01     76   19    2    0.16581E-01  0.23625E+00
    415   9429269  0.28067E-01     81   19    2    0.16578E-01  0.23625E+00
    416  67929948  0.25567E-01     86   19    2    0.16574E-01  0.23625E+00
    417   9330041  0.25272E-01     62   11    2    0.16570E-01  0.23625E+00
    418    130042  0.25527E-01     62   11    2    0.16565E-01  0.23625E+00
    419    130043  0.25751E-01     62   11    2    0.16561E-01  0.23625E+00
    420    130044  0.25990E-01     63   11    2    0.16557E-01  0.23625E+00
    421    130045  0.26253E-01     63   11    2    0.16553E-01  0.23625E+00
    422   2630071  0.26076E-01     63   11    2    0.16548E-01  0.23625E+00
    423   5230123  0.25356E-01     64   11    2    0.16543E-01  0.23625E+00
    424    130124  0.25335E-01     64   11    2    0.16538E-01  0.23625E+00
    425    130125  0.25295E-01     64   11    2    0.16532E-01  0.23625E+00
    426    130126  0.25236E-01     64   11    2    0.16527E-01  0.23625E+00
    427    130127  0.25158E-01     64   11    2    0.16522E-01  0.23625E+00
    428    130128  0.25061E-01     64   11    2    0.16517E-01  0.23625E+00
    429    130129  0.25029E-01     65   11    2    0.16511E-01  0.23625E+00
    430    130130  0.24986E-01     65   11    2    0.16506E-01  0.23625E+00
    431    130131  0.24923E-01     65   11    2    0.16501E-01  0.23625E+00
    432    130132  0.24842E-01     65   11    2    0.16496E-01  0.23625E+00
    433    130133  0.24759E-01     85   11   90    0.16491E-01  0.23625E+00
    434    130134  0.24763E-01     85   11   89    0.16485E-01  0.23625E+00
    435    130135  0.24765E-01     85   12   88    0.16480E-01  0.23625E+00
    436    130136  0.24767E-01     85   11   87    0.16475E-01  0.23625E+00
    437    530141  0.25046E-01     88   11   81    0.16470E-01  0.23625E+00
    438   1330154  0.25933E-01     88   11   56    0.16464E-01  0.23625E+00
    439    230156  0.25941E-01     88   11   55    0.16459E-01  0.23625E+00
    440   1830174  0.26458E-01     88   11   19    0.16453E-01  0.23625E+00
    441  13230306  0.30613E-01     88   12   17    0.16447E-01  0.23625E+00
    442    130307  0.30585E-01     88   12   17    0.16440E-01  0.23625E+00
    443    130308  0.30530E-01     88   12   17    0.16434E-01  0.23625E+00
    444    130309  0.30476E-01     88   12   18    0.16427E-01  0.23625E+00
    445    130310  0.30427E-01     88   12   18    0.16421E-01  0.23625E+00
    446    130311  0.30372E-01     88   12   17    0.16415E-01  0.23625E+00
    447    130312  0.30308E-01     88   11   18    0.16409E-01  0.23625E+00
    448    130313  0.30240E-01     88   11   17    0.16402E-01  0.23625E+00
    449   2030333  0.27861E-01     87   12   37    0.16397E-01  0.23625E+00
    450   2830361  0.25677E-01     82   12   27    0.16392E-01  0.23625E+00
    451   1530376  0.25886E-01     69   11    3    0.16387E-01  0.23625E+00
    452    330379  0.25933E-01     69   11    3    0.16383E-01  0.23625E+00
    453   1930398  0.26154E-01     69   11    4    0.16378E-01  0.23625E+00
    454  14030538  0.22835E-01     81    4    2    0.16374E-01  0.23625E+00
    455   8230620  0.24231E-01     84    4    2    0.16371E-01  0.23625E+00
    456    130621  0.24126E-01     85   19    2    0.16367E-01  0.23625E+00
    457   2030641  0.24298E-01     86   19    2    0.16364E-01  0.23625E+00
    458   4930690  0.24663E-01     86   19    2    0.16361E-01  0.23625E+00
    459    130691  0.24566E-01     87   19    2    0.16358E-01  0.23625E+00
    460    130692  0.24470E-01     87   19    2    0.16354E-01  0.23625E+00
    461    130693  0.24368E-01     87   19    2    0.16351E-01  0.23625E+00
    462    130694  0.24263E-01     88   19    2    0.16348E-01  0.23625E+00
    463    130695  0.24161E-01     88   19    2    0.16345E-01  0.23625E+00
    464    130696  0.24085E-01     88   19    3    0.16342E-01  0.23625E+00
    465    130697  0.24040E-01     88   19    3    0.16339E-01  0.23625E+00
    466    630703  0.23980E-01     87   19    3    0.16335E-01  0.23625E+00
    467   2930732  0.22965E-01     84   19    3    0.16332E-01  0.23625E+00
    468    730739  0.22601E-01     83   19    3    0.16328E-01  0.23625E+00
    469   5330792  0.21136E-01     68   19    3    0.16325E-01  0.23625E+00
    470  16530957  0.23515E-01     63    4    2    0.16320E-01  0.23625E+00
    471  34331300  0.25564E-01     60    4    2    0.16315E-01  0.23625E+00
    472   2231322  0.25718E-01     60    4    2    0.16311E-01  0.23625E+00
    473    131323  0.25939E-01     61    4    2    0.16307E-01  0.23625E+00
    474    131324  0.26143E-01     61    4    2    0.16302E-01  0.23625E+00
    475   8831412  0.24181E-01     65    4    2    0.16299E-01  0.23625E+00
    476   5431466  0.25738E-01     85   19    2    0.16297E-01  0.23625E+00
    477    331469  0.25770E-01     85   19    2    0.16294E-01  0.23625E+00
    478    531474  0.25877E-01     86   19    2    0.16292E-01  0.23625E+00
    479    531479  0.25948E-01     86   19    2    0.16290E-01  0.23625E+00
    480    631485  0.26066E-01     86   19    2    0.16287E-01  0.23625E+00
    481    531490  0.26108E-01     87   19    2    0.16285E-01  0.23625E+00
    482   1131501  0.26328E-01     87   19    2    0.16283E-01  0.23625E+00
    483    931510  0.26468E-01     87   19    2    0.16281E-01  0.23625E+00
    484    831518  0.26559E-01     88   19    2    0.16279E-01  0.23625E+00
    485   2531543  0.26954E-01     87   19    2    0.16277E-01  0.23625E+00
    486  19031733  0.30363E-01     88   19    2    0.16276E-01  0.23625E+00
    487    231735  0.30354E-01     88   19    2    0.16274E-01  0.23625E+00
    488    131736  0.30322E-01     88   19    2    0.16273E-01  0.23625E+00
    489    131737  0.30295E-01     88   19    2    0.16272E-01  0.23625E+00
    490    131738  0.30270E-01     88   19    2    0.16271E-01  0.23625E+00
    491    131739  0.30248E-01     88   19    2    0.16270E-01  0.23625E+00
    492    131740  0.30231E-01     88   19    2    0.16269E-01  0.23625E+00
    493    131741  0.30214E-01     88   19    2    0.16268E-01  0.23625E+00
    494   6831809  0.31016E-01     87    4    2    0.16267E-01  0.23625E+00
    495   4831857  0.30150E-01     88   19    2    0.16266E-01  0.23625E+00
    496   1531872  0.29583E-01     88   19    2    0.16265E-01  0.23625E+00
    497   1431886  0.28772E-01     88   19    2    0.16264E-01  0.23625E+00
    498   1331899  0.27861E-01     88   19    3    0.16263E-01  0.23625E+00
    499   6431963  0.23270E-01     88   19    3    0.16260E-01  0.23625E+00
    500   5132014  0.21649E-01     73   19    3    0.16258E-01  0.23625E+00
    501   5732071  0.20344E-01     70   19    3    0.16255E-01  0.23625E+00
    502  16332234  0.22211E-01     88   12   22    0.16251E-01  0.23625E+00
    503    132235  0.22095E-01     88   12   22    0.16247E-01  0.23625E+00
    504    132236  0.21973E-01     88   12   29    0.16243E-01  0.23625E+00
    505   2932265  0.21814E-01     88   12   28    0.16239E-01  0.23625E+00
    506  30632571  0.22907E-01     77   11    2    0.16236E-01  0.23625E+00
    507   2432595  0.23169E-01     77   11    2    0.16232E-01  0.23625E+00
    508   8732682  0.23382E-01     78   11    2    0.16228E-01  0.23625E+00
    509  12732809  0.23156E-01     88   12   27    0.16225E-01  0.23625E+00
    510  15032959  0.22694E-01     88   12   27    0.16221E-01  0.23625E+00
    511   3132990  0.22549E-01     79   11    3    0.16217E-01  0.23625E+00
    512    132991  0.22517E-01     79   11    3    0.16213E-01  0.23625E+00
    513    132992  0.22472E-01     79   11    3    0.16209E-01  0.23625E+00
    514    132993  0.22416E-01     79   11    3    0.16206E-01  0.23625E+00
    515    132994  0.22349E-01     79   11    3    0.16202E-01  0.23625E+00
    516    132995  0.22300E-01     80   11    3    0.16198E-01  0.23625E+00
    517    132996  0.22262E-01     80   11    3    0.16195E-01  0.23625E+00
    518    132997  0.22215E-01     80   11    3    0.16191E-01  0.23625E+00
    519    132998  0.22159E-01     80   11    4    0.16187E-01  0.23625E+00
    520    132999  0.22106E-01     80   11    4    0.16184E-01  0.23625E+00
    521    133000  0.22044E-01     80   11    4    0.16180E-01  0.23625E+00
    522    233002  0.21981E-01     81   11    4    0.16176E-01  0.23625E+00
    523    133003  0.21953E-01     81   11    4    0.16173E-01  0.23625E+00
    524    133004  0.21912E-01     81   11    4    0.16170E-01  0.23625E+00
    525   2033024  0.21329E-01     80   11    4    0.16167E-01  0.23625E+00
    526    133025  0.21311E-01     80   11    4    0.16164E-01  0.23625E+00
    527    133026  0.21315E-01     80   12   96    0.16160E-01  0.23625E+00
    528    233028  0.21412E-01     80   12   96    0.16157E-01  0.23625E+00
    529    333031  0.21484E-01     80   11   96    0.16153E-01  0.23625E+00
    530    233033  0.21485E-01     79   12   96    0.16149E-01  0.23625E+00
    531    133034  0.21467E-01     79   12   96    0.16145E-01  0.23625E+00
    532    133035  0.21428E-01     79   12   96    0.16141E-01  0.23625E+00
    533    333038  0.22001E-01     81   11    2    0.16137E-01  0.23625E+00
    534    433042  0.22341E-01     82   11    4    0.16134E-01  0.23625E+00
    535    633048  0.22208E-01     81   11    2    0.16130E-01  0.23625E+00
    536    833056  0.21836E-01     83   11    5    0.16126E-01  0.23625E+00
    537    633062  0.22300E-01     82   11    2    0.16122E-01  0.23625E+00
    538   1033072  0.21613E-01     84   11    4    0.16118E-01  0.23625E+00
    539    433076  0.21926E-01     83   11    2    0.16114E-01  0.23625E+00
    540  22233298  0.22457E-01     85   11    4    0.16110E-01  0.23625E+00
    541   4033338  0.21150E-01     85   11    4    0.16106E-01  0.23625E+00
    542    133339  0.21060E-01     85   11    4    0.16102E-01  0.23625E+00
    543   5133390  0.18784E-01     84   12    4    0.16098E-01  0.23625E+00
    544  11633506  0.20181E-01     88    4    2    0.16096E-01  0.23625E+00
    545   4833554  0.20142E-01     88    4    2    0.16093E-01  0.23625E+00
    546   3833592  0.19549E-01     88    4    2    0.16090E-01  0.23625E+00
    547    533597  0.19231E-01     88    4    2    0.16088E-01  0.23625E+00
    548    333600  0.18936E-01     88    4    2    0.16085E-01  0.23625E+00
    549   2233622  0.18117E-01     88    4    3    0.16082E-01  0.23625E+00
    550   2933651  0.17228E-01     79    4    3    0.16079E-01  0.23625E+00
    551   8133732  0.19072E-01     72    4    2    0.16076E-01  0.23625E+00
    552   3333765  0.19363E-01     73    4    2    0.16073E-01  0.23625E+00
    553    133766  0.19447E-01     73    4    2    0.16071E-01  0.23625E+00
    554    633772  0.19418E-01     74    4    2    0.16068E-01  0.23625E+00
    555   3133803  0.19110E-01     82    4    2    0.16065E-01  0.23625E+00
    556    333806  0.19175E-01     82    4    2    0.16063E-01  0.23625E+00
    557    233808  0.19216E-01     83    4    2    0.16060E-01  0.23625E+00
    558    333811  0.19283E-01     83    4    2    0.16058E-01  0.23625E+00
    559    333814  0.19453E-01     86    4    2    0.16055E-01  0.23625E+00
    560    333817  0.19602E-01     85    4    2    0.16053E-01  0.23625E+00
    561    433821  0.19647E-01     84    4    2    0.16051E-01  0.23625E+00
    562    333824  0.19521E-01     83    4    2    0.16048E-01  0.23625E+00
    563    333827  0.19439E-01     84    4    2    0.16046E-01  0.23625E+00
    564    533832  0.19288E-01     86   19    2    0.16044E-01  0.23625E+00
    565    533837  0.19382E-01     87    4    2    0.16041E-01  0.23625E+00
    566    433841  0.19390E-01     87   19    2    0.16039E-01  0.23625E+00
    567    433845  0.19586E-01     88    4    3    0.16036E-01  0.23625E+00
    568    433849  0.19636E-01     88    4    2    0.16033E-01  0.23625E+00
    569    333852  0.19500E-01     88    4   38    0.16030E-01  0.23625E+00
    570    533857  0.19415E-01     88   19   56    0.16028E-01  0.23625E+00
    571    733864  0.19356E-01     88   19   50    0.16025E-01  0.23625E+00
    572    633870  0.19343E-01     84    4    3    0.16022E-01  0.23625E+00
    573    833878  0.19772E-01     87    4    3    0.16020E-01  0.23625E+00
    574    533883  0.19143E-01     88   19   59    0.16017E-01  0.23625E+00
    575    733890  0.19452E-01     87    4    3    0.16015E-01  0.23625E+00
    576    733897  0.19064E-01     84    4    3    0.16012E-01  0.23625E+00
    577    733904  0.19322E-01     87    4    3    0.16009E-01  0.23625E+00
    578    533909  0.18841E-01     88   19   73    0.16006E-01  0.23625E+00
    579    533914  0.18807E-01     88   19   88    0.16003E-01  0.23625E+00
    580    533919  0.18767E-01     88   19   96    0.16000E-01  0.23625E+00
    581    633925  0.18698E-01     88   19   96    0.15997E-01  0.23625E+00
    582    833933  0.18596E-01     88   19   96    0.15994E-01  0.23625E+00
    583    833941  0.18521E-01     88   19   96    0.15992E-01  0.23625E+00
    584    833949  0.18460E-01     88   19   96    0.15988E-01  0.23625E+00
    585    833957  0.18401E-01     88   19   96    0.15986E-01  0.23625E+00
    586    733964  0.18356E-01     88   19   96    0.15983E-01  0.23625E+00
    587    733971  0.18308E-01     88   19   96    0.15981E-01  0.23625E+00
    588    733978  0.18258E-01     88   19   96    0.15978E-01  0.23625E+00
    589    633984  0.18218E-01     88   19   96    0.15976E-01  0.23625E+00
    590    533989  0.18184E-01     88   19   96    0.15973E-01  0.23625E+00
    591    533994  0.18146E-01     88   19   96    0.15971E-01  0.23625E+00
    592    634000  0.18097E-01     88   19   96    0.15969E-01  0.23625E+00
    593    634006  0.18053E-01     88   19   96    0.15967E-01  0.23625E+00
    594    534011  0.18014E-01     88   19   96    0.15965E-01  0.23625E+00
    595    534016  0.17973E-01     88   19   96    0.15962E-01  0.23625E+00
    596    534021  0.17930E-01     88   19   96    0.15960E-01  0.23625E+00
    597    534026  0.18059E-01     88    4    3    0.15958E-01  0.23625E+00
    598    534031  0.17832E-01     88   19   96    0.15955E-01  0.23625E+00
    599    534036  0.17776E-01     88   19   96    0.15953E-01  0.23625E+00
    600    534041  0.18303E-01     88    4    3    0.15951E-01  0.23625E+00
    601    734048  0.17778E-01     86    4    2    0.15949E-01  0.23625E+00
    602   2634074  0.17629E-01     88    4   96    0.15946E-01  0.23625E+00
    603    534079  0.17513E-01     88    4   96    0.15944E-01  0.23625E+00
    604    134080  0.17425E-01     88    4   96    0.15942E-01  0.23625E+00
    605    134081  0.17329E-01     88    4   96    0.15940E-01  0.23625E+00
    606    134082  0.17226E-01     88    4   96    0.15938E-01  0.23625E+00
    607    234084  0.17084E-01     88    4   96    0.15936E-01  0.23625E+00
    608    334087  0.17296E-01     88    4    6    0.15934E-01  0.23625E+00
    609    634093  0.17434E-01     87    4    3    0.15932E-01  0.23625E+00
    610   4934142  0.15970E-01     88    4   96    0.15930E-01  0.23625E+00
    611  14134283  0.15157E-01     88   12   19    0.15927E-01  0.23625E+00
    612  67234955  0.21107E-01     88   12   39    0.15923E-01  0.23625E+00
    613   3734992  0.21187E-01     88   12   39    0.15919E-01  0.23625E+00
    614    134993  0.21086E-01     88   12   39    0.15915E-01  0.23625E+00
    615    134994  0.20973E-01     88   12   39    0.15912E-01  0.23625E+00
    616    134995  0.20862E-01     88   12   49    0.15908E-01  0.23625E+00
    617    134996  0.20759E-01     88   11   51    0.15904E-01  0.23625E+00
    618    134997  0.20659E-01     88   11   16    0.15900E-01  0.23625E+00
    619    234999  0.20677E-01     88   12   92    0.15896E-01  0.23625E+00
    620    235001  0.20702E-01     88   11   13    0.15892E-01  0.23625E+00
    621    235003  0.20753E-01     88   11   12    0.15888E-01  0.23625E+00
    622    335006  0.20647E-01     88   11   10    0.15885E-01  0.23625E+00
    623    235008  0.20441E-01     88   11    9    0.15881E-01  0.23625E+00
    624    335011  0.20191E-01     88   11   81    0.15878E-01  0.23625E+00
    625    335014  0.19988E-01     88   11   96    0.15874E-01  0.23625E+00
    626    535019  0.19641E-01     88   11   90    0.15870E-01  0.23625E+00
    627    435023  0.19444E-01     88   11   85    0.15867E-01  0.23625E+00
    628    635029  0.19120E-01     88   11   96    0.15863E-01  0.23625E+00
    629    535034  0.19063E-01     88   11   15    0.15859E-01  0.23625E+00
    630    535039  0.18877E-01     88   11   10    0.15856E-01  0.23625E+00
    631    535044  0.18819E-01     88   11    6    0.15852E-01  0.23625E+00
    632    735051  0.18477E-01     88   11   96    0.15849E-01  0.23625E+00
    633    735058  0.18304E-01     88   11   96    0.15846E-01  0.23625E+00
    634    635064  0.18179E-01     88   11   96    0.15842E-01  0.23625E+00
    635    835072  0.18004E-01     88   11   96    0.15839E-01  0.23625E+00
    636   1835090  0.17655E-01     88   11   96    0.15836E-01  0.23625E+00
    637   7635166  0.16415E-01     88   11   96    0.15833E-01  0.23625E+00
    638   1635182  0.16127E-01     88   11   96    0.15830E-01  0.23625E+00
    639   1835200  0.15791E-01     88   11   96    0.15827E-01  0.23625E+00
    640   1535215  0.15518E-01     88   11   96    0.15824E-01  0.23625E+00
    641    835223  0.15365E-01     88   11   96    0.15822E-01  0.23625E+00
    642   4035263  0.14860E-01     88   11   96    0.15819E-01  0.23625E+00
    643  67435937  0.18231E-01     88   19    2    0.15818E-01  0.23625E+00
    644  52336460  0.22512E-01     88   19    2    0.15817E-01  0.23625E+00
    645    236462  0.22465E-01     88   19    2    0.15817E-01  0.23625E+00
    646    236464  0.22410E-01     88   19    2    0.15816E-01  0.23625E+00
    647    136465  0.22350E-01     88   19    2    0.15816E-01  0.23625E+00
    648    136466  0.22292E-01     88   19    3    0.15815E-01  0.23625E+00
    649    136467  0.22273E-01     88    4    4    0.15815E-01  0.23625E+00
    650    136468  0.22256E-01     88    4    3    0.15815E-01  0.23625E+00
    651    136469  0.22241E-01     88    4    3    0.15814E-01  0.23625E+00
    652    136470  0.22209E-01     88    4    3    0.15814E-01  0.23625E+00
    653    136471  0.22167E-01     88    4    3    0.15813E-01  0.23625E+00
    654   9836569  0.19517E-01     87   19    3    0.15813E-01  0.23625E+00
    655   2036589  0.19096E-01     88   19    3    0.15812E-01  0.23625E+00
    656    136590  0.19063E-01     88   19    3    0.15811E-01  0.23625E+00
    657    236592  0.19057E-01     88   19    3    0.15810E-01  0.23625E+00
    658    636598  0.19046E-01     88   19    3    0.15809E-01  0.23625E+00
    659    336601  0.18995E-01     88   19    3    0.15809E-01  0.23625E+00
    660    436605  0.18951E-01     88   19    3    0.15808E-01  0.23625E+00
    661   1036615  0.18588E-01     88    4    2    0.15807E-01  0.23625E+00
    662   1636631  0.18049E-01     88    4    2    0.15806E-01  0.23625E+00
    663   7636707  0.15662E-01     88    4    2    0.15804E-01  0.23625E+00
    664   2036727  0.15235E-01     88    4    2    0.15802E-01  0.23625E+00
    665    436731  0.15158E-01     88    4    3    0.15801E-01  0.23625E+00
    666    136732  0.15089E-01     88    4    5    0.15799E-01  0.23625E+00
    667   1236744  0.14995E-01     88    4    4    0.15797E-01  0.23625E+00
    668 160138345  0.23597E-01     88   12   30    0.15793E-01  0.23625E+00
    669  23938584  0.25579E-01     88   12   57    0.15788E-01  0.23625E+00
    670    238586  0.25537E-01     88   12   57    0.15783E-01  0.23625E+00
    671    238588  0.25485E-01     88   12   56    0.15778E-01  0.23625E+00
    672    138589  0.25423E-01     88   12   56    0.15774E-01  0.23625E+00
    673    138590  0.25370E-01     88   12   56    0.15769E-01  0.23625E+00
    674    138591  0.25312E-01     88   12   55    0.15764E-01  0.23625E+00
    675  11038701  0.23083E-01     88   12   96    0.15760E-01  0.23625E+00
    676   5738758  0.21825E-01     88   12   52    0.15756E-01  0.23625E+00
    677    538763  0.21666E-01     88   12   51    0.15752E-01  0.23625E+00
    678   1738780  0.21048E-01     88   12   51    0.15748E-01  0.23625E+00
    679   4638826  0.19462E-01     88   12   51    0.15744E-01  0.23625E+00
    680    238828  0.19349E-01     88   12   51    0.15740E-01  0.23625E+00
    681    138829  0.19249E-01     88   12   51    0.15737E-01  0.23625E+00
    682    138830  0.19160E-01     88   12   51    0.15733E-01  0.23625E+00
    683  27139101  0.11942E-01     88   12   61    0.15731E-01  0.23625E+00
    684 333542436  0.42097E-01     88    4    2    0.15735E-01  0.23625E+00
    685  25542691  0.40523E-01     88    4    2    0.15738E-01  0.23625E+00
    686    142692  0.40424E-01     88    4    2    0.15742E-01  0.23625E+00
    687  11442806  0.37534E-01     88    4    3    0.15745E-01  0.23625E+00
    688  41543221  0.27415E-01     88   19    3    0.15746E-01  0.23625E+00
    689   6143282  0.26368E-01     88   19    4    0.15747E-01  0.23625E+00
    690  16143443  0.24298E-01     88   19    4    0.15748E-01  0.23625E+00
    691 278446227  0.19448E-01     88   11   13    0.15744E-01  0.23625E+00
    692  74446971  0.21143E-01     88   11   12    0.15740E-01  0.23625E+00
    693    146972  0.21117E-01     88   11   12    0.15736E-01  0.23625E+00
    694    146973  0.21083E-01     88   11   12    0.15732E-01  0.23625E+00
    695    146974  0.21057E-01     88   11   11    0.15728E-01  0.23625E+00
    696    146975  0.21040E-01     88   11   11    0.15724E-01  0.23625E+00
    697    146976  0.21019E-01     88   11   11    0.15721E-01  0.23625E+00
    698    146977  0.20999E-01     88   11   10    0.15717E-01  0.23625E+00
    699  15947136  0.16672E-01     88   11   64    0.15714E-01  0.23625E+00
    700   5247188  0.15694E-01     88   11    7    0.15711E-01  0.23625E+00
    701    147189  0.15690E-01     88   11    7    0.15708E-01  0.23625E+00
    702    147190  0.15664E-01     88   11    7    0.15705E-01  0.23625E+00
    703    147191  0.15655E-01     88   11    7    0.15702E-01  0.23625E+00
    704    147192  0.15656E-01     88   11    7    0.15699E-01  0.23625E+00
    705    147193  0.15673E-01     88   12    5    0.15696E-01  0.23625E+00
    706   2147214  0.15843E-01     88   11    2    0.15693E-01  0.23625E+00
    707  34747561  0.11908E-01     88   11    2    0.15691E-01  0.23625E+00
    708 159749158  0.20665E-01     88    4    5    0.15692E-01  0.23625E+00
    709  36149519  0.21647E-01     88    4   49    0.15692E-01  0.23625E+00
    710    149520  0.21619E-01     88   19   48    0.15693E-01  0.23625E+00
    711    249522  0.21605E-01     88   19   58    0.15693E-01  0.23625E+00
    712    149523  0.21585E-01     88   19   58    0.15694E-01  0.23625E+00
    713    149524  0.21565E-01     88   19   58    0.15695E-01  0.23625E+00
    714    149525  0.21541E-01     88   19   57    0.15695E-01  0.23625E+00
    715   8249607  0.19741E-01     88   19    4    0.15696E-01  0.23625E+00
    716  15049757  0.16540E-01     88   19   55    0.15695E-01  0.23625E+00
    717    449761  0.16482E-01     88   19   54    0.15695E-01  0.23625E+00
    718    449765  0.16416E-01     88   19   53    0.15695E-01  0.23625E+00
    719    949774  0.16211E-01     88   19   53    0.15695E-01  0.23625E+00
    720    849782  0.16056E-01     88   19   53    0.15695E-01  0.23625E+00
    721   1749799  0.15746E-01     88   19   53    0.15694E-01  0.23625E+00
    722   6649865  0.14778E-01     88   19   53    0.15694E-01  0.23625E+00
    723 145251317  0.17519E-01     88   11    2    0.15691E-01  0.23625E+00
    724  83452151  0.20264E-01     88   11    2    0.15687E-01  0.23625E+00
    725    152152  0.20126E-01     88   11    2    0.15684E-01  0.23625E+00
    726    252154  0.20054E-01     88   11    3    0.15680E-01  0.23625E+00
    727    152155  0.19959E-01     88   11    3    0.15677E-01  0.23625E+00
    728    152156  0.19888E-01     88   11    3    0.15673E-01  0.23625E+00
    729    152157  0.19795E-01     88   11    3    0.15670E-01  0.23625E+00
    730    152158  0.19687E-01     88   11    3    0.15666E-01  0.23625E+00
    731  13152289  0.15913E-01     88   11    2    0.15663E-01  0.23625E+00
    732   8152370  0.14406E-01     88   11    2    0.15661E-01  0.23625E+00
    733    152371  0.14301E-01     88   11    2    0.15658E-01  0.23625E+00
    734    152372  0.14218E-01     88   11    2    0.15656E-01  0.23625E+00
    735    152373  0.14143E-01     88   11    2    0.15653E-01  0.23625E+00
    736   1052383  0.14009E-01     88   12    2    0.15651E-01  0.23625E+00
    737   3152414  0.13646E-01     88   11    2    0.15648E-01  0.23625E+00
    738   5352467  0.12916E-01     88   12    2    0.15646E-01  0.23625E+00
    739  18452651  0.10626E-01     88   12    5    0.15644E-01  0.23625E+00
    740 258955240  0.24701E-01     88    4   96    0.15646E-01  0.23625E+00
    741  10855348  0.24818E-01     88    4   96    0.15648E-01  0.23625E+00
    742    155349  0.24778E-01     88    4   96    0.15649E-01  0.23625E+00
    743    155350  0.24736E-01     88    4   96    0.15651E-01  0.23625E+00
    744    155351  0.24704E-01     88   19   96    0.15653E-01  0.23625E+00
    745  18355534  0.21376E-01     88   19   95    0.15654E-01  0.23625E+00
    746  19755731  0.18051E-01     88   19   96    0.15655E-01  0.23625E+00
    747    355734  0.17989E-01     88   19   95    0.15655E-01  0.23625E+00
    748    455738  0.17906E-01     88   19   95    0.15656E-01  0.23625E+00
    749   1255750  0.17676E-01     88   19   95    0.15656E-01  0.23625E+00
    750 254258292  0.19852E-01     88   11    2    0.15653E-01  0.23625E+00
    751  56758859  0.19634E-01     88   12   24    0.15649E-01  0.23625E+00
    752    158860  0.19562E-01     88   12   24    0.15645E-01  0.23625E+00
    753    258862  0.19476E-01     88   12   23    0.15642E-01  0.23625E+00
    754    158863  0.19402E-01     88   12   23    0.15638E-01  0.23625E+00
    755    158864  0.19327E-01     88   12   22    0.15635E-01  0.23625E+00
    756  15259016  0.15731E-01     88   12   20    0.15632E-01  0.23625E+00
    757   9759113  0.13858E-01     88   12   32    0.15629E-01  0.23625E+00
    758   1259125  0.13612E-01     88   12   32    0.15627E-01  0.23625E+00
    759   1859143  0.13294E-01     88   12   31    0.15624E-01  0.23625E+00
    760   3059173  0.12842E-01     88   12   31    0.15622E-01  0.23625E+00
    761   4859221  0.12236E-01     88   12   30    0.15620E-01  0.23625E+00
    762   8659307  0.11340E-01     88   12   30    0.15618E-01  0.23625E+00
    763  24759554  0.92775E-02     88   12   29    0.15616E-01  0.23625E+00
    764 293762491  0.21409E-01     88    4   96    0.15617E-01  0.23625E+00
    765    162492  0.21356E-01     88    4   96    0.15619E-01  0.23625E+00
    766    162493  0.21300E-01     88    4   96    0.15621E-01  0.23625E+00
    767    162494  0.21243E-01     88    4   96    0.15622E-01  0.23625E+00
    768    162495  0.21184E-01     88    4   95    0.15624E-01  0.23625E+00
    769    162496  0.21136E-01     88   19    4    0.15626E-01  0.23625E+00
    770  33462830  0.17096E-01     88   19   96    0.15626E-01  0.23625E+00
    771   4662876  0.16337E-01     88    4   96    0.15627E-01  0.23625E+00
    772   2662902  0.15894E-01     88    4   96    0.15628E-01  0.23625E+00
    773 204064942  0.13689E-01     88   12   21    0.15625E-01  0.23625E+00
    774  95165893  0.14429E-01     88   12   21    0.15623E-01  0.23625E+00
    775    165894  0.14341E-01     88   12   22    0.15620E-01  0.23625E+00
    776    265896  0.14240E-01     88   12   21    0.15617E-01  0.23625E+00
    777    165897  0.14154E-01     88   12   21    0.15615E-01  0.23625E+00
    778    165898  0.14069E-01     88   12   20    0.15612E-01  0.23625E+00
    779    165899  0.13986E-01     88   12   19    0.15610E-01  0.23625E+00
    780    965908  0.13743E-01     88   12   15    0.15607E-01  0.23625E+00
    781  17666084  0.10334E-01     88   12   15    0.15605E-01  0.23625E+00
    782    466088  0.10255E-01     88   12   14    0.15603E-01  0.23625E+00
    783    566093  0.10083E-01     88   12   27    0.15601E-01  0.23625E+00
    784   1166104  0.99273E-02     88   12   87    0.15600E-01  0.23625E+00
    785   2266126  0.97567E-02     88   12   96    0.15598E-01  0.23625E+00
    786   2166147  0.94780E-02     88   12   96    0.15596E-01  0.23625E+00
    787   3366180  0.90430E-02     88   12   96    0.15594E-01  0.23625E+00
    788  11866298  0.78954E-02     88   12   96    0.15593E-01  0.23625E+00
    789 166367961  0.13209E-01     88    4    2    0.15593E-01  0.23625E+00
    790  85268813  0.14908E-01     88    4    2    0.15594E-01  0.23625E+00
    791    168814  0.14859E-01     88    4    2    0.15595E-01  0.23625E+00
    792    268816  0.14820E-01     88    4    3    0.15596E-01  0.23625E+00
    793    168817  0.14777E-01     88    4    3    0.15597E-01  0.23625E+00
    794    168818  0.14734E-01     88    4    3    0.15598E-01  0.23625E+00
    795    168819  0.14689E-01     88    4    3    0.15599E-01  0.23625E+00
    796  23069049  0.10855E-01     88   19   65    0.15599E-01  0.23625E+00
    797   3469083  0.10497E-01     88   19    3    0.15599E-01  0.23625E+00
    798    369086  0.10471E-01     88   19    3    0.15599E-01  0.23625E+00
    799    269088  0.10451E-01     88   19    3    0.15599E-01  0.23625E+00
    800    469092  0.10450E-01     88   19    3    0.15600E-01  0.23625E+00
    801   1669108  0.10334E-01     88   19    2    0.15600E-01  0.23625E+00
    802  25669364  0.81425E-02     88   19    2    0.15600E-01  0.23625E+00
    803 212271486  0.12973E-01     88   11   96    0.15597E-01  0.23625E+00
    804  25271738  0.13244E-01     88   11   96    0.15595E-01  0.23625E+00
    805    171739  0.13188E-01     88   11   96    0.15592E-01  0.23625E+00
    806    271741  0.13130E-01     88   11   96    0.15590E-01  0.23625E+00
    807    171742  0.13067E-01     88   11   96    0.15588E-01  0.23625E+00
    808    171743  0.13002E-01     88   11   96    0.15585E-01  0.23625E+00
    809   5471797  0.12040E-01     88   11   96    0.15583E-01  0.23625E+00
    810  18771984  0.93225E-02     88   11   96    0.15581E-01  0.23625E+00
    811    571989  0.92212E-02     88   11   96    0.15580E-01  0.23625E+00
    812   1172000  0.90523E-02     88   11   96    0.15578E-01  0.23625E+00
    813   1772017  0.88303E-02     88   11   96    0.15577E-01  0.23625E+00
    814   2772044  0.85281E-02     88   11   96    0.15575E-01  0.23625E+00
    815   5372097  0.80245E-02     88   11   96    0.15574E-01  0.23625E+00
    816  17372270  0.66879E-02     88   11   96    0.15572E-01  0.23625E+00
    817 320375473  0.17124E-01     88    4    2    0.15574E-01  0.23625E+00
    818   4675519  0.17104E-01     88    4    2    0.15576E-01  0.23625E+00
    819    175520  0.17066E-01     88    4    3    0.15578E-01  0.23625E+00
    820    175521  0.17029E-01     88    4    3    0.15579E-01  0.23625E+00
    821   8275603  0.16114E-01     88    4    3    0.15581E-01  0.23625E+00
    822  36375966  0.11856E-01     88   19    3    0.15582E-01  0.23625E+00
    823    175967  0.11820E-01     88   19    3    0.15583E-01  0.23625E+00
    824    175968  0.11783E-01     88   19    3    0.15583E-01  0.23625E+00
    825 188177849  0.70992E-02     88   11    2    0.15582E-01  0.23625E+00
    826 128979138  0.87425E-02     88   11   96    0.15580E-01  0.23625E+00
    827    179139  0.86824E-02     88   11   96    0.15579E-01  0.23625E+00
    828    279141  0.86141E-02     88   11   96    0.15577E-01  0.23625E+00
    829    179142  0.85513E-02     88   11   96    0.15576E-01  0.23625E+00
    830    179143  0.84866E-02     88   11   95    0.15574E-01  0.23625E+00
    831    179144  0.84229E-02     88   11   83    0.15573E-01  0.23625E+00
    832    179145  0.83615E-02     88   12   81    0.15571E-01  0.23625E+00
    833    179146  0.83022E-02     88   12   80    0.15570E-01  0.23625E+00
    834  12379269  0.66900E-02     88   12   96    0.15568E-01  0.23625E+00
    835   4679315  0.61355E-02     88   12   91    0.15567E-01  0.23625E+00
    836  10379418  0.50467E-02     88   12   90    0.15566E-01  0.23625E+00
    837  13779555  0.46088E-02     39    3    3    0.15565E-01  0.23625E+00
    838    179556  0.46094E-02     40    3    3    0.15565E-01  0.23625E+00
    839    179557  0.46079E-02     40    3    3    0.15564E-01  0.23625E+00
    840  78580342  0.32374E-02     88    4    3    0.15563E-01  0.23625E+00
    841 323983581  0.86536E-02     88    4    3    0.15564E-01  0.23625E+00
    842    183582  0.86298E-02     88    4    3    0.15564E-01  0.23625E+00
    843    183583  0.86061E-02     88    4    3    0.15565E-01  0.23625E+00
    844    183584  0.85826E-02     88    4    3    0.15566E-01  0.23625E+00
    845    183585  0.85600E-02     88    4    3    0.15566E-01  0.23625E+00
    846   8083665  0.86202E-02     88    4    3    0.15567E-01  0.23625E+00
    847 161185276  0.70347E-02     88    4    3    0.15567E-01  0.23625E+00
    848  16385439  0.64322E-02     88    4    3    0.15567E-01  0.23625E+00
    849  16385602  0.56060E-02     88    4    3    0.15567E-01  0.23625E+00
    850  83786439  0.31727E-02     88   12   37    0.15566E-01  0.23625E+00
    851 117487613  0.56829E-02     88   12   36    0.15565E-01  0.23625E+00
    852    287615  0.56424E-02     88   12   36    0.15564E-01  0.23625E+00
    853    287617  0.55978E-02     88   12   35    0.15563E-01  0.23625E+00
    854    187618  0.55591E-02     88   12   35    0.15562E-01  0.23625E+00
    855    187619  0.55197E-02     88   12   34    0.15561E-01  0.23625E+00
    856    187620  0.54818E-02     88   12   34    0.15560E-01  0.23625E+00
    857    187621  0.54478E-02     88   12   33    0.15559E-01  0.23625E+00
    858  19287813  0.41654E-02     88   12   87    0.15559E-01  0.23625E+00
    859   2087833  0.40004E-02     88   12   72    0.15558E-01  0.23625E+00
    860   1087843  0.39265E-02     88   12   29    0.15557E-01  0.23625E+00
    861   2087863  0.38235E-02     88   12   29    0.15556E-01  0.23625E+00
    862   2387886  0.36861E-02     88   12   28    0.15556E-01  0.23625E+00
    863   3487920  0.35183E-02     88   12   28    0.15555E-01  0.23625E+00
    864   5787977  0.32989E-02     88   12   28    0.15554E-01  0.23625E+00
    865  10988086  0.29802E-02     88   12   40    0.15554E-01  0.23625E+00
    866 181189897  0.48023E-02     88    4    3    0.15554E-01  0.23625E+00
    867  53090427  0.53022E-02     88    4    3    0.15554E-01  0.23625E+00
    868    190428  0.52826E-02     88    4    3    0.15554E-01  0.23625E+00
    869    190429  0.52599E-02     88    4    3    0.15555E-01  0.23625E+00
    870    190430  0.52367E-02     88    4    3    0.15555E-01  0.23625E+00
    871    190431  0.52122E-02     88    4    3    0.15555E-01  0.23625E+00
    872    190432  0.51849E-02     88    4    3    0.15555E-01  0.23625E+00
    873    190433  0.51561E-02     88    4    2    0.15556E-01  0.23625E+00
    874  21090643  0.39398E-02     88    4    3    0.15556E-01  0.23625E+00
    875   3090673  0.37473E-02     88    4    3    0.15556E-01  0.23625E+00
    876    390676  0.37227E-02     88   19   31    0.15556E-01  0.23625E+00
    877    190677  0.37126E-02     88   19   31    0.15556E-01  0.23625E+00
    878    290679  0.37071E-02     88   19   74    0.15556E-01  0.23625E+00
    879    190680  0.36985E-02     88   19   74    0.15556E-01  0.23625E+00
    880   1390693  0.36308E-02     88   19   73    0.15556E-01  0.23625E+00
    881 175492447  0.43556E-02     88   11    2    0.15555E-01  0.23625E+00
    882  54692993  0.45869E-02     88   11    2    0.15555E-01  0.23625E+00
    883    292995  0.45437E-02     88   11    2    0.15554E-01  0.23625E+00
    884    292997  0.44992E-02     88   11    2    0.15553E-01  0.23625E+00
    885    292999  0.44628E-02     88   11    3    0.15552E-01  0.23625E+00
    886    193000  0.44284E-02     88   11    3    0.15551E-01  0.23625E+00
    887    193001  0.43982E-02     88   11    3    0.15551E-01  0.23625E+00
    888  17693177  0.30896E-02     88   11    2    0.15550E-01  0.23625E+00
    889    993186  0.30582E-02     88   11    2    0.15549E-01  0.23625E+00
    890   1293198  0.30255E-02     88   11    2    0.15549E-01  0.23625E+00
    891   2793225  0.29283E-02     88   11    2    0.15548E-01  0.23625E+00
    892   5193276  0.27039E-02     88   11    2    0.15548E-01  0.23625E+00
    893  12193397  0.22810E-02     88   11    2    0.15548E-01  0.23625E+00
    894  22693623  0.21800E-02     37    6    3    0.15547E-01  0.23625E+00
    895 105294675  0.24688E-02     88   19   75    0.15547E-01  0.23625E+00
    896 121895893  0.31735E-02     88   19   75    0.15547E-01  0.23625E+00
    897    295895  0.31595E-02     88   19   74    0.15548E-01  0.23625E+00
    898    295897  0.31454E-02     88   19   73    0.15548E-01  0.23625E+00
    899    195898  0.31378E-02     88   19   73    0.15548E-01  0.23625E+00
    900    295900  0.31270E-02     88   19   84    0.15548E-01  0.23625E+00
    901    195901  0.31190E-02     88   19   84    0.15548E-01  0.23625E+00
    902    195902  0.31122E-02     88   19   83    0.15548E-01  0.23625E+00
    903    195903  0.31030E-02     88   19   82    0.15548E-01  0.23625E+00
    904   7895981  0.26144E-02     88   19   37    0.15548E-01  0.23625E+00
    905  11496095  0.21865E-02     88   19   80    0.15548E-01  0.23625E+00
    906    196096  0.21850E-02     88   19   80    0.15548E-01  0.23625E+00
    907    196097  0.21777E-02     88   19   80    0.15548E-01  0.23625E+00
    908    196098  0.21728E-02     88   19   80    0.15549E-01  0.23625E+00
    909    196099  0.21754E-02     88   19   79    0.15549E-01  0.23625E+00
    910    296101  0.21861E-02     88   19   34    0.15549E-01  0.23625E+00
    911    396104  0.21847E-02     88   19   32    0.15549E-01  0.23625E+00
    912    496108  0.21308E-02     88   19   74    0.15549E-01  0.23625E+00
    913  23196339  0.17351E-02     88   19   87    0.15549E-01  0.23625E+00
    914 331199650  0.48723E-02     88   12    2    0.15548E-01  0.23625E+00
    915   3899688  0.48448E-02     88   12    2    0.15547E-01  0.23625E+00
    916    199689  0.48241E-02     88   12    2    0.15546E-01  0.23625E+00
    917   2599714  0.47427E-02     88   12    2    0.15545E-01  0.23625E+00
    918  436*****  0.33554E-02     88   12    3    0.15544E-01  0.23625E+00
    919   39*****  0.32182E-02     88   12    3    0.15544E-01  0.23625E+00
    920  124*****  0.28540E-02     88   12    2    0.15543E-01  0.23625E+00
    921 2655*****  0.24516E-02     88    4    2    0.15544E-01  0.23625E+00
    922  938*****  0.25673E-02     88   19   81    0.15544E-01  0.23625E+00
    923    1*****  0.25567E-02     88   19   81    0.15544E-01  0.23625E+00
    924    1*****  0.25435E-02     88   19   81    0.15544E-01  0.23625E+00
    925    1*****  0.25315E-02     88    4    3    0.15544E-01  0.23625E+00
    926    1*****  0.25182E-02     88    4    3    0.15545E-01  0.23625E+00
    927    2*****  0.25122E-02     88   19   35    0.15545E-01  0.23625E+00
    928   34*****  0.23413E-02     88    4   96    0.15545E-01  0.23625E+00
    929  179*****  0.17074E-02     88   19   90    0.15545E-01  0.23625E+00
    930   22*****  0.16455E-02     88   19   89    0.15545E-01  0.23625E+00
    931   30*****  0.15752E-02     88   19   88    0.15545E-01  0.23625E+00
    932   17*****  0.15339E-02     88   19   88    0.15545E-01  0.23625E+00
    933    1*****  0.15229E-02     88   19   88    0.15545E-01  0.23625E+00
    934    1*****  0.15100E-02     88   19   87    0.15545E-01  0.23625E+00
    935  177*****  0.12958E-02     88   19   87    0.15545E-01  0.23625E+00
    936 2994*****  0.26989E-02     88   12    2    0.15545E-01  0.23625E+00
    937  175*****  0.27347E-02     88   12    2    0.15544E-01  0.23625E+00
    938    1*****  0.27240E-02     88   12    2    0.15544E-01  0.23625E+00
    939    1*****  0.27099E-02     88   12    2    0.15543E-01  0.23625E+00
    940    1*****  0.26949E-02     88   12    2    0.15543E-01  0.23625E+00
    941  289*****  0.21384E-02     88   12    2    0.15543E-01  0.23625E+00
    942  102*****  0.18956E-02     88   12    2    0.15542E-01  0.23625E+00
    943    2*****  0.18831E-02     88   12    2    0.15542E-01  0.23625E+00
    944    2*****  0.18666E-02     88   12    2    0.15542E-01  0.23625E+00
    945 2210*****  0.18967E-02     88    4    2    0.15542E-01  0.23625E+00
    946  947*****  0.18852E-02     88    4    2    0.15542E-01  0.23625E+00
    947    1*****  0.18769E-02     88    4    2    0.15542E-01  0.23625E+00
    948    2*****  0.18657E-02     88    4    2    0.15542E-01  0.23625E+00
    949    1*****  0.18558E-02     88    4    2    0.15542E-01  0.23625E+00
    950    2*****  0.18636E-02     88   19   46    0.15543E-01  0.23625E+00
    951    3*****  0.18626E-02     88   19   44    0.15543E-01  0.23625E+00
    952  118*****  0.14445E-02     88   19   43    0.15543E-01  0.23625E+00
    953  106*****  0.12217E-02     88   19   42    0.15543E-01  0.23625E+00
    954   70*****  0.10794E-02     88   19   42    0.15543E-01  0.23625E+00
    955   92*****  0.98869E-03     42    8    3    0.15543E-01  0.23625E+00
